7.1058
12.02437
6.556187
4.70934
4.404855
7.487848
7.03501
12.01499
5.232933
9.490604
6.469748
2.783502
6.837868
5.016977
6.469748
7.859413
13.0747
4.252112
6.906188
9.178879
2.783502
8.99934
5.232933
6.837868
6.32417
4.447215
10.1158
7.950365
7.341631
7.651607
6.32417
9.688943
6.809464
7.859413
8.99934
5.016977
4.447215
13.0747
6.458968
8.483914
6.994325
7.636516
7.867842
8.935441
7.636516
8.221882
6.463742
6.809464
5.791812
7.97023
6.398057
6.922942
4.404855
6.463742
5.791812
8.779991
11.39912
4.252112
9.134797
6.563874
